315
341
340
334
324
294
315
329
308
317
317
348
354
322
352
364
341
297
270
299
316
328
322
334
326
338
364
283
377
313
354
294
275
282
366
356
340
336
342
296
335
329
308
358
322
321
332
324
329
364
303
311
354
308
250
317
341
331
353
321
304
321
335
354
327
381
337
322
329
328
304
319
325
316
348
341
353
273
328
339
343
354
331
364
323
309
342
313
299
373
337
329
340
319
322
294
297
316
353
338
286
293
390
294
352
329
332
355
330
297
371
331
326
334
318
307
318
342
303
342
369
340
319
320
349
348
345
359
285
309
357
307
318
331
321
342
378
311
327
300
317
332
313
335
299
309
321
322
366
326
362
361
346
329
292
291
334
344
339
356
327
340
326
337
348
309
351
302
329
347
352
351
296
355
312
328
336
337
319
350
328
316
333
311
338
319
348
339
288
346
294
369
284
348
315
299
332
305
313
304
384
311
293
320
278
319
351
349
305
371
348
299
300
384
346
340
311
297
344
322
289
366
327
339
337
318
309
282
343
340
323
298
329
333
320
302
367
296
268
299
312
344
303
347
355
313
304
320
331
323
346
321
300
259
303
339
284
292
342
337
337
303
317
343
347
352
364
312
336
293
295
343
322
283
334
378
323
366
314
298
296
328
355
302
321
315
328
314
323
320
323
327
262
294
303
324
279
303
296
373
369
354
374
335
293
283
352
366
287
330
360
327
366
326
368
313
316
345
328
317
343
273
345
350
343
329
372
324
383
346
314
314
306
328
376
328
329
345
250
361
319
327
289
303
324
359
359
300
336
330
310
310
276
296
313
298
280
317
321
323
362
353
323
311
343
346
353
364
263
298
328
345
327
339
319
342
298
371
258
339
279
280
316
315
345
328
366
334
311
352
373
319
325
348
368
302
349
352
317
312
365
305
354
332
277
352
308
312
331
350
360
309
336
303
298
366
347
328
327
326
309
347
324
282
332
352
335
322
337
324
323
346
318
285
341
355
301
317
317
324
321
303
329
344
321
355
304
316
323
289
316
314
327
347
314
359
331
345
343
327
318
329
333
313
400
336
325
302
311
315
345
270
347
355
348
299
355
317
286
352
337
347
306
316
320
317
336
336
338
268
327
311
331
317
327
336
302
310
300
314
324
286
324
334
347
353
349
309
290
319
320
352
291
302
349
294
303
321
301
291
344
262
289
290
328
337
353
300
324
345
327
317
309
338
301
291
304
357
333
288
355
352
343
323
309
314
308
308
340
347
367
318
306
338
270
343
356
358
330
304
334
341
328
326
408
329
353
323
371
330
301
353
335
323
339
338
274
263
303
353
305
283
309
331
309
322
331
307
338
291
310
262
310
362
285
343
385
316
279
304
317
339
371
312
341
342
319
343
354
296
324
373
268
295
297
347
329
342
349
321
301
350
318
343
284
298
314
297
355
345
331
389
300
317
369
319
312
310
310
332
365
342
352
346
299
308
349
323
305
334
318
352
342
338
270
258
351
271
322
262
370
357
345
276
360
358
376
355
342
294
317
318
293
384
361
339
376
357
325
361
348
281
347
321
343
310
375
335
310
321
316
356
297
356
348
314
321
326
364
326
319
293
318
302
334
293
307
322
338
398
311
305
298
308
280
304
383
285
304
287
373
311
316
331
315
324
308
304
284
382
351
308
351
360
301
345
345
375
325
296
332
316
322
301
346
330
368
313
363
316
340
332
356
358
323
326
347
292
316
352
350
381
312
337
335
300
331
338
297
329
357
319
315
297
330
322
416
346
342
351
377
335
367
299
323
322
344
361
301
336
352
325
324
308
343
389
278
336
305
303
390
302
302
380
302
313
361
309
372
342
282
313
314
290
362
344
335
356
297
345
330
364
341
294
294
322
311
294
318
319
348
302
297
329
306
304
314
318
303
362
311
400
322
369
332
368
331
311
368
295
338
324
351
308
269
322
334
290
338
307
290
296
331
320
322
269
352
358
358
356
319
301
354
319
327
349
305
377
283
346
284
333
377
284
319
310
318
309
332
305
349
331
235
327
333
293
320
331
318
284
357
328
357
345
310
320
304
353
290
307
352
374
368
336
303
301
314
327
322
356
319
317
344
364
342
306
351
315
348
341
346
310
357
315
342
332
328
351
361
306
330
364
307
318
322
352
364
296
291
299
337
303
334
305
328
287
338
326
366
319
322
348
294
280
293
294
314
310
337
343
332
