6
7
27
9
8
27
12
15
16
5
16
10
7
19
9
8
20
16
7
8
8
13
8
28
22
20
9
15
23
12
15
9
20
10
11
13
21
6
20
14
6
8
19
11
5
14
9
15
15
11
8
15
13
13
11
16
13
14
8
14
13
19
18
15
18
12
16
16
17
16
12
13
16
11
12
15
14
12
7
12
14
5
14
7
13
12
14
12
14
11
6
17
5
5
20
6
11
17
17
12
19
13
12
22
23
19
15
17
17
24
13
10
13
12
11
14
23
17
6
17
13
14
13
6
11
15
18
18
20
14
31
15
21
15
12
19
14
13
15
15
2
15
7
26
19
11
16
15
14
9
11
18
19
13
14
6
10
13
7
10
21
21
14
13
18
20
12
12
12
9
13
11
14
15
31
18
8
17
14
6
18
14
20
10
18
18
7
11
13
19
14
17
15
10
13
16
8
18
18
10
8
9
13
11
25
16
9
21
20
10
13
12
15
13
14
7
21
20
9
7
11
13
14
21
10
18
10
15
8
11
9
13
19
18
21
9
6
6
6
17
15
13
21
12
11
9
13
8
21
12
23
13
14
10
11
20
9
18
9
12
25
8
19
16
6
20
14
15
14
12
12
14
22
8
11
11
13
16
12
27
13
14
11
18
11
13
18
11
13
10
12
14
13
7
16
12
17
14
6
11
12
16
12
15
13
12
18
11
17
11
22
7
12
10
14
14
14
14
8
6
10
9
14
6
11
17
20
12
6
15
14
18
20
18
18
14
14
11
21
17
12
20
7
23
15
18
13
