347
332
342
374
332
341
314
314
308
342
317
398
356
339
376
285
352
334
313
351
302
298
312
349
328
355
333
319
329
362
297
347
316
336
323
304
338
315
370
324
362
331
337
332
302
294
323
300
321
352
324
346
270
318
285
361
297
356
287
346
342
284
367
332
298
297
299
357
355
345
377
340
337
347
307
392
324
338
333
299
284
336
347
350
319
357
322
342
348
365
299
373
362
302
354
342
346
335
379
359
339
304
360
340
327
356
329
338
294
349
305
300
330
290
370
303
257
395
356
357
372
322
374
337
354
327
303
358
339
346
341
323
364
285
342
342
302
354
293
339
343
344
347
392
375
328
348
364
273
310
333
338
409
354
362
344
318
333
313
333
320
320
332
347
344
295
319
328
330
357
321
329
357
338
353
296
370
356
342
316
350
387
353
343
326
346
300
330
336
327
299
328
321
347
339
332
318
280
351
283
325
362
357
313
333
324
336
312
304
306
359
310
355
288
322
361
367
326
370
309
343
323
287
324
292
292
322
369
295
374
351
368
279
350
343
351
341
316
372
279
294
344
305
302
310
378
324
323
299
383
383
341
377
332
319
343
309
345
335
388
383
371
297
372
340
356
335
295
315
339
265
283
289
287
336
297
336
299
344
345
325
327
318
312
305
340
370
333
296
332
349
282
324
327
370
316
302
318
342
364
290
344
319
339
319
261
339
311
311
295
361
322
341
319
353
323
376
293
343
300
315
331
356
320
328
279
337
339
379
357
297
323
341
366
280
291
295
340
342
333
341
328
384
359
347
357
331
330
321
305
371
295
314
287
374
345
301
312
324
285
343
352
335
322
350
320
299
327
346
289
325
335
345
330
348
318
319
310
372
320
294
350
348
318
301
317
324
377
301
385
341
315
357
317
324
408
350
325
341
324
334
318
323
352
345
325
327
341
289
340
335
351
325
354
296
366
350
343
324
274
356
346
317
348
296
334
283
330
370
335
329
327
330
324
370
320
342
392
310
359
310
356
345
358
341
324
303
311
322
316
349
367
301
347
303
333
308
320
290
348
337
365
324
382
380
365
254
313
359
315
338
336
328
347
316
379
347
321
332
331
333
309
322
359
306
311
286
364
310
311
352
318
298
368
353
303
333
295
297
396
320
304
265
321
381
363
311
320
311
367
328
345
331
347
325
336
351
299
332
271
318
322
341
314
341
323
315
315
333
320
324
341
288
297
356
330
333
288
337
294
365
309
365
312
352
329
313
319
310
329
284
303
315
334
309
326
295
270
279
337
347
336
313
322
373
302
320
305
341
329
307
321
328
279
325
365
328
351
321
333
344
331
356
354
299
313
324
344
359
303
384
346
331
278
292
312
379
370
290
360
382
373
309
301
355
358
289
302
296
324
326
345
329
342
355
354
308
282
334
331
341
317
359
331
321
277
394
314
352
346
294
325
352
311
370
317
301
311
286
323
393
357
296
341
287
322
334
325
280
349
331
309
361
307
337
308
311
355
370
354
353
345
308
363
348
325
324
326
366
324
341
317
346
314
316
331
367
341
279
325
327
322
313
295
325
322
350
348
294
351
290
361
340
308
315
353
363
316
326
311
260
302
275
285
347
315
324
357
286
329
358
378
378
338
310
327
366
379
287
337
319
297
317
335
331
302
342
276
347
339
329
278
315
360
326
313
388
319
316
327
344
365
326
350
327
313
344
308
333
336
341
310
287
349
285
361
380
376
352
300
307
311
345
365
355
362
335
269
350
307
358
276
319
289
275
329
370
314
338
284
397
332
295
322
336
324
350
285
356
277
311
315
374
314
384
395
280
346
327
354
366
313
348
397
297
328
289
320
291
315
348
304
322
354
322
357
316
328
294
285
302
323
365
315
377
347
338
269
331
299
288
301
285
354
304
332
361
333
314
296
287
338
297
330
317
341
332
289
326
343
334
330
332
349
319
364
292
396
315
293
304
326
299
365
265
332
328
339
339
323
359
321
342
355
319
311
309
357
315
326
340
306
318
350
351
337
311
314
283
324
349
295
291
310
367
347
299
306
330
335
330
382
320
308
298
343
291
325
375
347
305
309
290
316
339
339
293
336
333
320
371
312
307
366
334
341
314
362
305
366
395
330
301
382
339
327
292
277
357
329
327
390
318
362
335
332
321
301
330
330
349
339
331
294
315
322
355
313
293
330
304
336
334
354
327
351
323
352
318
332
352
311
303
310
280
328
344
298
284
337
339
283
324
352
345
317
359
321
334
285
328
317
362
291
330
329
325
373
322
332
346
339
311
343
307
316
334
324
322
313
371
328
287
299
319
302
322
325
309
299
369
332
347
342
331
360
364
302
324
308
329
281
345
343
359
303
365
327
397
297
326
316
355
390
355
314
329
344
341
391
336
321
350
345
300
356
299
335
327
327
350
340
317
323
343
304
342
313
367
370
290
320
286
343
303
375
373
357
317
321
314
306
320
365
375
315
353
377
336
286
348
386
341
316
356
306
285
359
305
322
331
341
350
310
323
298
357
374
318
286
349
342
316
292
328
307
354
300
357
313
353
336
336
277
313
330
427
347
337
343
322
287
364
303
368
310
311
320
369
311
327
308
378
357
321
347
309
324
332
285
350
343
326
342
339
306
336
373
347
349
303
373
331
375
310
322
313
342
364
309
337
353
315
334
332
324
389
373
328
329
369
314
341
309
339
295
317
335
343
304
360
337
357
316
320
319
332
396
363
342
262
309
327
334
324
308
307
